Time	wtime	rx_bytes	rx_packets	tx_bytes	tx_packets	pss	rss	swap	vmem	nprocs	nthreads	rchar	read_bytes	wchar	write_bytes	stime	utime
1625038129	0	52	1	52	1	13426	19940	0	200488	6	7	1499135	6991872	2473	8192	0	0
1625038135	5	15909526	24219	15909526	24219	44289	50928	0	392516	6	7	5894598	40239104	448664	12288	0	1
1625038141	10	31873549	48609	31873549	48609	256779	269076	0	837916	4	5	9068270	279343104	1632737	24576	1	2
1625038147	20	48177926	73411	48112511	73414	271141	306032	0	992272	4	5	16437862	365240320	1649354	49152	2	5
1625038153	25	64022220	97344	63792224	97360	298233	348056	0	1073108	4	5	26215189	382885888	2570876	978944	2	8
1625038159	30	80116320	121834	79886324	121850	369949	417316	0	1218168	4	5	45456573	414470144	2634562	1044480	2	12
1625038165	35	95887294	145803	95657298	145819	367587	404764	0	1222792	4	5	46270198	416641024	2644249	1056768	2	18
1625038171	46	111860622	170202	111630626	170218	322973	330604	0	1240200	4	5	47475465	422883328	2651337	1069056	2	24
1625038177	46	128334426	195363	128104430	195379	355695	363392	0	1272968	4	5	48161742	423694336	2652737	1077248	2	30
1625038183	56	143764739	218830	143534743	218846	384974	393012	0	1301896	4	5	48955563	427229184	2655378	1085440	2	36
1625038189	61	159974413	243164	159515229	243194	418309	425536	0	1336456	4	5	49643393	430223360	2657181	1089536	3	42
1625038195	66	176290108	267983	175814911	268023	453695	460436	0	1371272	4	5	50352401	435376128	2659482	1097728	3	48
1625038201	71	193563818	292687	191756973	292918	483688	490452	0	1401736	4	5	51038682	439853056	2660759	1101824	3	54
1625038207	81	211920382	317767	207945961	318007	531349	556876	0	1442516	4	5	52739304	457093120	2662140	1105920	3	59
1625038213	81	230136610	344002	224935209	344431	644472	691916	0	1571932	4	5	57671658	647860224	2663270	1114112	3	62
1625038219	92	247955321	369610	274761953	369521	764527	773488	0	1730448	4	5	60989875	839557120	2666893	1122304	4	66
1625038225	97	264512601	399702	486449027	398854	799219	810788	0	1799148	4	5	63669872	881889280	2680270	1142784	4	72
1625038231	102	281569417	429924	658469832	428254	814467	823096	0	1847276	4	5	64786469	887705600	2687555	1155072	4	78
1625038237	107	319744607	457435	717675190	454859	814843	823008	0	1848044	4	5	65649594	892362752	2695792	1175552	4	84
1625038243	117	346107118	484522	739151974	481858	816578	824596	0	1849580	4	5	66512719	897073152	2699727	1179648	4	90
1625038249	117	366836720	510258	762413242	507670	818803	826076	0	1852908	4	5	67375845	898437120	2700855	1187840	4	96
1625038255	128	383036248	534705	779773118	532172	836467	844128	0	1871084	4	5	68273195	899878912	2701985	1191936	4	102
1625038261	133	401183183	560536	796411327	558102	858855	866032	0	1893612	4	5	69136324	900186112	2703118	1200128	4	108
1625038267	138	416871858	584170	811869616	581754	875286	882572	0	1909228	4	5	69999454	900366336	2704251	1204224	4	114
1625038273	143	434551681	609778	828473801	607506	888340	895972	0	1922540	4	5	71860478	901419008	2737493	1245184	4	120
1625038279	153	452749256	634279	844340555	632014	888191	894880	0	1922540	4	5	72724079	902848512	2738624	1249280	4	126
1625038285	153	492259552	660538	860652220	657734	888239	895048	0	1922540	4	5	73587680	902848512	2739757	1253376	4	132
1625038291	163	548591501	689063	877546530	685726	921879	976176	0	1989180	4	5	75689733	931680256	6237849	4763648	5	138
1625038297	168	575625583	715465	893956653	711943	948989	1006580	0	2042864	4	6	76638636	941969408	6239626	4771840	5	144
1625038303	174	594060321	740830	910161305	737548	984370	1041296	0	2078368	4	6	77583398	941969408	6240775	4775936	5	150
1625038309	179	613983528	767201	926767640	764168	1005533	1064356	0	2101304	4	6	78528161	941969408	6241909	4780032	5	155
1625038315	189	631818339	791776	942755047	788718	1004919	1063016	0	2101304	4	6	79472924	941969408	6243047	4784128	5	161
1625038321	189	647843225	816233	958779933	813175	1010870	1071308	0	2108584	4	6	80538357	943439872	6933384	5492736	5	167
1625038327	199	663877143	840558	974729998	837506	1004208	1015176	0	2114216	4	6	81487313	948043776	6934522	5496832	5	173
1625038333	204	679848601	864882	990696096	861842	1008400	1019324	0	2118568	4	6	82436269	949366784	6935660	5505024	5	179
1625038339	209	693701629	885868	1004466685	882833	1013949	1024552	0	2123944	4	6	83385224	957108224	6936798	5513216	5	185
1625038345	215	709218873	909406	1019983929	906371	1019115	1028468	0	2129320	4	6	84334181	964780032	6937938	5517312	5	191
1625038351	225	725214572	933805	1035979628	930770	1033616	1043028	0	2143912	4	6	85283138	966422528	6939078	5525504	5	197
1625038357	225	741227563	958210	1051992695	955176	1051280	1060416	0	2161576	4	6	86232093	970858496	6940218	5529600	5	203
1625038363	235	757156555	982440	1067921611	979405	1051005	1058920	0	2161576	4	6	87181048	975503360	6941358	5533696	5	209
1625038369	240	775437012	1007920	1084358849	1005205	1051080	1058920	0	2161576	4	6	88130004	979832832	6942496	5537792	5	215
1625038375	245	794648638	1034024	1101725087	1031398	1051149	1059068	0	2161832	4	6	89078961	979935232	6943640	5541888	5	221
1625038381	250	810329531	1058212	1121906263	1055649	1051151	1058896	0	2161832	4	6	90027917	981557248	6944784	5545984	5	227
1625038387	261	827472733	1083015	1138016088	1080457	1051234	1058988	0	2161832	4	6	90976874	986296320	6945928	5554176	5	233
1625038393	261	901413292	1110761	1154339667	1107106	1051110	1058708	0	2161832	4	6	91925832	990494720	6947071	5558272	5	238
1625038399	271	917846473	1135560	1170624504	1131913	1051173	1058760	0	2161832	4	6	92874790	994070528	6948215	5562368	5	244
1625038405	276	933609047	1159361	1186304574	1155718	1051161	1058852	0	2161832	4	6	93823749	997441536	6949359	5566464	5	250
1625038411	281	949614742	1183760	1202310269	1180117	1067830	1075444	0	2178104	4	6	94772709	1000947712	6950503	5570560	6	256
1625038417	286	965600259	1208102	1218295786	1204459	1067905	1075452	0	2178104	4	6	95721669	1002954752	6951647	5574656	6	262
1625038423	296	982360762	1233612	1235056289	1229969	1069167	1076892	0	2179128	4	6	96670630	1003864064	6952792	5582848	6	268
1625038429	302	997555981	1256625	1250251508	1252982	1069346	1077052	0	2180152	4	6	97619590	1004814336	6953937	5586944	6	274
1625038435	307	1016563150	1282167	1266704614	1278743	1069402	1077096	0	2180408	4	6	98568549	1007468544	6955083	5591040	6	280
1625038441	312	1033771094	1306927	1282801237	1303506	1069471	1077144	0	2180408	4	6	99517509	1008017408	6956231	5595136	6	286
1625038447	317	1085763410	1334680	1307414922	1330755	1069588	1077264	0	2180408	4	6	100466470	1009025024	6957379	5599232	6	292
1625038453	322	1138689456	1363561	1342249288	1359052	1072467	1080080	0	2182712	4	6	101415433	1011003392	6958529	5603328	6	298
1625038459	332	1170446379	1390290	1359085615	1385596	1082671	1090244	0	2192696	4	6	102364397	1015275520	6959679	5611520	6	304
1625038465	337	1185554476	1410374	1371948156	1405779	1088651	1096368	0	2199096	4	6	103313361	1015631872	6960829	5615616	6	310
1625038471	343	1227778058	1438663	1389236011	1433585	1099727	1107420	0	2210360	4	6	104262324	1016508416	6961978	5619712	6	316
1625038477	348	1256253725	1464805	1405329182	1459586	1110685	1118356	0	2220856	4	6	105211287	1019822080	6963128	5623808	6	322
1625038483	353	1274901278	1489735	1421461287	1484469	1112733	1120400	0	2222904	4	6	106160251	1019957248	6964278	5627904	6	327
1625038489	358	1298360620	1516456	1438260822	1511209	1112741	1120440	0	2222904	4	6	107109215	1020243968	6965428	5632000	6	333
1625038495	368	1313298939	1537924	1452247310	1532652	1129586	1143708	0	2256676	4	6	108168917	1035902976	6966578	5640192	6	337
1625038501	373	1325592499	1556498	1464540870	1551226	1199293	1244124	0	2350736	4	6	117209125	1100443648	6973812	5664768	7	339
1625038507	378	1339036363	1576973	1477984734	1571701	1218638	1265660	0	2389864	4	6	119575251	1145970688	6976524	5672960	7	340
1625038513	384	1357910819	1602322	1494899072	1597155	1238973	1297112	0	2412068	4	6	122797834	1180831744	6983138	5689344	7	341
1625038519	389	1377257220	1624452	1515329539	1619614	1254730	1318632	0	2475700	4	6	124272650	1202700288	7015467	5730304	7	341
1625038525	394	1397870512	1651993	1562571955	1648015	1312524	1378448	0	2532760	4	6	125936155	1206235136	7042939	5758976	7	342
1625038531	404	1429965892	1677565	1578384218	1673348	1425503	1490964	0	2651348	4	6	131128136	1226448896	7082951	5804032	7	344
1625038537	409	1446954527	1702201	1594339750	1698052	1479493	1549244	0	2745360	4	6	135734962	1305948160	7123538	5861376	7	346
1625038543	414	1460384831	1722492	1607660593	1718348	1644583	1711560	0	2964488	4	6	144624032	1367842816	7233773	5971968	8	348
1625038549	419	1476384772	1746729	1623660534	1742585	1793246	1868976	0	3150480	4	6	154383337	1416105984	7629463	6381568	8	352
1625038555	424	1492350809	1770947	1639626571	1766803	1840717	1915408	0	3199752	4	6	157093302	1491828736	8833444	7589888	8	355
1625038561	430	1508394798	1795444	1656292398	1791394	1860617	1911796	0	3287080	4	6	167012087	1565085696	9209652	7970816	9	357
1625038567	440	1524457770	1820538	1728314633	1818822	1969507	2013868	0	3427800	4	6	238723767	1687334912	9788806	8552448	9	360
1625038573	445	1537913207	1842253	1806206823	1842541	2062972	2117912	0	3545168	4	6	266599677	1716879360	9950299	8716288	9	363
1625038579	450	1554189531	1870368	1939907814	1869850	2055805	2104904	0	3545168	4	6	308713683	1777725440	9953369	8728576	9	364
1625038585	455	1565316110	1890285	2034082745	1889628	2094834	2144572	0	3675780	4	6	364404915	1843040256	10113319	8896512	10	368
1625038591	465	1573487835	1904458	2134307073	1904414	2107451	2154496	0	3691140	4	6	436624297	1933516800	10126129	8912896	10	370
1625038597	465	1581442017	1919347	2269134228	1919572	2145368	2196916	0	3817316	4	6	463603037	1977188352	10645252	9433088	10	374
1625038603	476	1593330327	1936136	2280613791	1936601	2160387	2214940	0	3850428	4	6	466132009	2017128448	11796776	10596352	10	377
1625038609	481	1609938608	1960864	2296814824	1961374	2140538	2195704	0	3865840	4	6	468761528	2059616256	13500809	12308480	11	380
1625038615	486	1619893806	1970799	2302763363	1971634	2217463	2267016	0	3946164	4	6	471445098	2065629184	15550358	14356480	11	384
1625038621	491	1638246065	1992794	2316677058	1993686	2239902	2291864	0	3999752	4	6	474032667	2101563392	16609319	15425536	12	388
1625038627	501	1680719941	2020354	2333484593	2020994	2277780	2332184	0	4050140	4	6	476693433	2135093248	17522479	16347136	12	391
1625038633	501	1703960343	2048681	2401783833	2048922	2348469	2383096	0	4158880	4	6	486558238	2180313088	19101532	17936384	13	396
1625038639	512	1729408172	2076556	2463658486	2076265	2389669	2422492	0	4222716	4	6	498364275	2226909184	20270706	19103744	13	401
1625038645	517	1749097073	2102696	2480436707	2102504	2440571	2479528	0	4252132	4	6	502651698	2263379968	21544472	20381696	13	406
1625038651	522	1785813008	2124286	2493768980	2123670	2459604	2488528	0	4278756	4	6	505420909	2265423872	23459452	22298624	14	411
1625038657	527	1808036989	2149205	2509777641	2148586	2456066	2479872	0	4308452	4	6	511350686	2285359104	25000480	23851008	14	416
1625038663	537	1833162611	2175583	2526531261	2174892	2699530	2734860	0	4552932	4	6	541480408	2355097600	25438777	24293376	15	421
1625038669	537	1850365054	2199799	2542217970	2199208	2700446	2738820	0	4552932	4	6	599347679	2420453376	26186548	25047040	15	426
1625038675	547	1866605859	2224111	2558229645	2223536	2699976	2739056	0	4552932	4	6	602123608	2427756544	27108961	25972736	15	432
1625038681	552	1880044504	2244617	2571667396	2244044	2709874	2787428	0	4586552	4	6	605466226	2493091840	27467678	26345472	15	436
1625038687	558	1896014072	2268862	2587636964	2268289	2721366	2811392	0	4623468	4	7	608701379	2557546496	32903190	31784960	15	439
1625038693	563	1907170234	2285478	2598455426	2284922	2986042	3073216	0	4924524	4	7	739003773	2693357568	33254903	32141312	16	443
1625038699	573	1948268806	2312411	2615068160	2311521	3159492	3241968	0	5139288	4	7	743524486	2718904320	33301711	32190464	16	446
1625038705	573	1982757535	2340657	2632234046	2339896	3353514	3389768	0	5350260	4	8	747822370	2723852288	33317226	32206848	16	450
1625038711	583	2003483865	2366634	2648667205	2365996	3540127	3585968	0	5541332	4	8	751239801	2768842752	33348240	32243712	17	455
1625038717	588	2020910686	2391709	2664966436	2391250	3568731	3610288	0	5572852	4	8	754179320	2771550208	33351617	32256000	17	461
1625038723	593	2039698997	2416959	2681290633	2416535	3598227	3638720	0	5614016	4	8	757120006	2772410368	33359450	32272384	17	466
1625038729	599	2056085973	2441252	2697567385	2440836	3594987	3637084	0	5615104	4	8	760060692	2772762624	33361322	32284672	17	472
1625038735	609	2056266685	2441421	2697642145	2441013	3810062	3845920	0	5855584	4	8	823971056	2837696512	33370453	32292864	17	478
1625038741	609	2115275586	2445467	2709488641	2444354	4107364	4162568	0	6143292	4	8	894147025	2945277952	33390726	32313344	18	483
1625038747	619	2188709733	2452345	2710808812	2450266	4244506	4306156	0	6289140	4	8	897147290	2963566592	33469104	32407552	18	489
1625038753	624	2238711313	2470145	2719935073	2467534	4290864	4354080	0	6343412	4	8	900140200	2963955712	33498361	32436224	18	495
1625038759	629	2305618042	2501570	2737276745	2498479	4327382	4401636	0	6388528	4	8	903185436	2975301632	33545128	32497664	18	501
1625038765	634	2369320236	2532037	2754358645	2528269	4342968	4419204	0	6405936	4	8	906187039	2975342592	33564088	32522240	18	507
1625038771	645	2391530019	2557357	2770394221	2553533	4358041	4436324	0	6423344	4	8	909188642	2975342592	33581661	32542720	18	513
1625038777	645	2410291599	2575417	2781360170	2571595	4373947	4453236	0	6439728	4	8	912190244	2975342592	33599839	32567296	18	519
1625038783	655	2429113436	2597026	2794817760	2593293	4386819	4464572	0	6457136	4	8	915191846	2976722944	33620096	32591872	19	525
1625038789	660	2446575235	2621892	2810764633	2618256	4402305	4469464	0	6476016	4	8	918193449	2980044800	33646416	32620544	19	531
1625038795	665	2462766308	2646240	2826618696	2642623	4417493	4484836	0	6492400	4	8	921195052	2984538112	33660467	32641024	19	537
1625038801	670	2478717032	2670743	2842569420	2667126	4740274	4822600	0	7574900	4	8	925376317	2985353216	33934044	32931840	19	543
1625038807	680	2494659632	2695235	2858512020	2691618	4805440	4882360	0	7606256	4	8	932284536	2994786304	34360598	33366016	19	548
1625038813	680	2510938175	2720142	2874790563	2716526	4808613	4877012	0	7606256	4	8	937599237	3003686912	34423715	33439744	19	554
1625038819	691	2526598094	2743647	2890127404	2740069	4821021	4889748	0	7614960	4	8	940603345	3004473344	34429212	33447936	20	560
1625038825	696	2546259423	2769630	2906584418	2766160	4829685	4898600	0	7614960	4	8	944845882	3005186048	34599661	33624064	20	566
1625038831	701	2562012155	2793793	2922336255	2790325	4853629	4916676	0	7652864	4	8	949123995	3008151552	34714806	33751040	20	572
1625038837	706	2580002199	2819167	2938518215	2815700	4880370	4944968	0	7674816	4	8	953300504	3020689408	35188861	34238464	20	578
1625038843	716	2597531370	2844419	2954744492	2841135	4880499	4945304	0	7674816	4	8	957459650	3021082624	35249284	34312192	20	584
1625038849	721	2615991826	2869658	2970975097	2866332	4881426	4945920	0	7674816	4	8	961753897	3021418496	35326344	34402304	21	590
1625038855	727	2633336825	2894314	2986902274	2890995	4882201	4944372	0	7674816	4	8	965900687	3023863808	35515758	34594816	21	595
1625038861	732	2645411151	2912336	2998594624	2909021	4884598	4951104	0	7674816	4	8	970062992	3024650240	35564294	34652160	21	602
1625038867	737	2660287144	2935065	3013470617	2931750	4884698	4952760	0	7674816	4	8	975420206	3024863232	35957559	35065856	21	608
1625038873	742	2676176611	2959345	3029360084	2956030	4884611	4952480	0	7674816	4	8	978424314	3025022976	35961011	35069952	21	613
1625038879	752	2692075401	2983592	3045258874	2980277	4889017	4955668	0	7681696	4	8	983664208	3028488192	36547937	35672064	21	619
1625038885	757	2707937047	3007806	3061120520	3004491	4889443	4957860	0	7681696	4	8	986668281	3029655552	36551836	35680256	22	625
1625038891	762	2723852983	3032195	3077036456	3028880	4894016	4970400	0	7681696	4	8	989674325	3030056960	36554795	35684352	22	631
1625038897	768	2739765003	3056531	3092948476	3053216	4894908	4970760	0	7684012	4	8	995013780	3030978560	36925969	36069376	22	637
1625038903	773	2755665868	3080813	3108849341	3077498	4895139	4970800	0	7684012	4	8	999162374	3032743936	37130254	36290560	22	643
1625038909	778	2771571799	3105043	3124755272	3101728	4917279	4986960	0	7705692	4	8	1003306308	3037536256	37416939	36585472	22	649
1625038915	788	2787449717	3129259	3140633190	3125944	4918680	4992640	0	7705700	4	8	1006310885	3064721408	38071639	37249024	22	654
1625038921	793	2803381017	3153645	3156564490	3150330	5030877	5122216	0	8042484	4	7	1010174327	3075928064	55431485	54677504	23	659
1625038927	798	2819306434	3177992	3172489907	3174677	5029646	5105720	0	8042484	4	7	1015280847	3077828608	69208677	68460544	26	663
1625038933	803	2835219246	3202276	3188402719	3198961	5025178	5097460	0	8042484	4	7	1018289933	3088367616	69209838	68464640	26	669
1625038939	814	2851265423	3226545	3204328679	3223234	5024477	5096104	0	8042484	4	7	1021299019	3094073344	69210997	68472832	26	675
1625038945	814	2867156029	3250762	3220219285	3247451	5025169	5098512	0	8042484	4	7	1024308466	3097448448	79058527	78671872	26	681
1625038951	824	2883106335	3275170	3236169591	3271859	5024947	5098548	0	8042484	4	7	1027317553	3097448448	79059688	78675968	26	686
1625038957	829	2899072786	3299838	3255786419	3296525	5024229	5098276	0	8042484	4	7	1030326639	3099049984	79060849	78680064	26	692
1625038963	834	2915143365	3325789	3297795514	3322390	5023821	5098284	0	8042484	4	7	1033335725	3100868608	79062010	78684160	26	699
1625038969	839	2931200801	3351012	3331521036	3347535	5023892	5097724	0	8042484	4	7	1036344812	3103588352	79063171	78688256	26	705
1625038975	849	2947667055	3376148	3347986184	3372672	5017220	5094576	0	8024900	4	6	1074050951	3109490688	81580832	81235968	27	711
